0.81633107454
0.819554695063
0.83633107454
0.853368828654
0.868751210068
0.881548886738
0.892545982575
0.901694094869
0.910251694095
0.917967086157
0.924753146176
0.930454985479
0.936302032914
0.941413359148
0.94609874153
0.95068731849
0.954695062924
0.958276863504
0.961848983543
0.965208131655
0.968334946757
0.971277831559
0.973823814134
0.976224588577
0.978518877057
0.980309777348
0.982090997096
0.983843175218
0.98541142304
0.986873184898
0.987986447241
0.988857696031
0.989883833495
0.990851887706
0.991645692159
0.992420135528
0.993068731849
0.993775411423
0.994375605034
0.994946757018
