0.897553344581
0.899212630316
0.908750675548
0.918538056623
0.926806640687
0.934132304939
0.940294823813
0.945616941674
0.9506859267
0.954920839034
0.958764661137
0.962178157421
0.9653904131
0.968355864265
0.970963132468
0.973422317963
0.975699247816
0.977710388192
0.979611415785
0.981309937109
0.982986942143
0.984427267975
0.985770137666
0.987024410865
0.988167305616
0.989167180315
0.990134147746
0.990999862043
0.991792167817
0.992495877099
0.993133771844
0.993717243029
0.99426907261
0.994777869609
0.995193007459
0.995599285659
0.995939749323
0.996318182911
0.996654849582
0.996930764373
